-START-OF-DATA-
0.0     272.9596E-09
1765.5	2.729596E-07
1766.5	2.729712E-07
1767.5	2.729942E-07
1768.5	2.730168E-07
1769.5	2.730390E-07
1770.5	2.730610E-07
1771.5	2.730826E-07
1772.5	2.731039E-07
1773.5	2.731249E-07
1774.5	2.731456E-07
1775.5	2.731662E-07
1776.5	2.731866E-07
1777.5	2.732068E-07
1778.5	2.732268E-07
1779.5	2.732467E-07
1780.5	2.732665E-07
1781.5	2.732862E-07
1782.5	2.733059E-07
1783.5	2.733254E-07
1784.5	2.733450E-07
1785.5	2.733646E-07
1786.5	2.733843E-07
1787.5	2.734040E-07
1788.5	2.734238E-07
1789.5	2.734436E-07
1790.5	2.734637E-07
1791.5	2.734838E-07
1792.5	2.735041E-07
1793.5	2.735246E-07
1794.5	2.735452E-07
1795.5	2.735662E-07
1796.5	2.735873E-07
1797.5	2.736088E-07
1798.5	2.736305E-07
1799.5	2.736525E-07
1800.5	2.736749E-07
1801.5	2.736976E-07
1802.5	2.737208E-07
1803.5	2.737443E-07
1804.5	2.737683E-07
1805.5	2.737927E-07
1806.5	2.738176E-07
1807.5	2.738430E-07
1808.5	2.738689E-07
1809.5	2.738953E-07
1810.5	2.739223E-07
1811.5	2.739498E-07
1812.5	2.739779E-07
1813.5	2.740067E-07
1814.5	2.740361E-07
1815.5	2.740661E-07
1816.5	2.740968E-07
1817.5	2.741281E-07
1818.5	2.741602E-07
1819.5	2.741931E-07
1820.5	2.742266E-07
1821.5	2.742609E-07
1822.5	2.742960E-07
1823.5	2.743318E-07
1824.5	2.743685E-07
1825.5	2.744060E-07
1826.5	2.744443E-07
1827.5	2.744835E-07
1828.5	2.745236E-07
1829.5	2.745646E-07
1830.5	2.746065E-07
1831.5	2.746493E-07
1832.5	2.746931E-07
1833.5	2.747378E-07
1834.5	2.747835E-07
1835.5	2.748302E-07
1836.5	2.748779E-07
1837.5	2.749267E-07
1838.5	2.749766E-07
1839.5	2.750275E-07
1840.5	2.750797E-07
1841.5	2.751364E-07
1842.5	2.752022E-07
1843.5	2.752731E-07
1844.5	2.753371E-07
1845.5	2.753805E-07
1846.5	2.753984E-07
1847.5	2.754013E-07
1848.5	2.754008E-07
1849.5	2.754003E-07
1850.5	2.754251E-07
1851.5	2.755000E-07
1852.5	2.756000E-07
1853.5	2.757000E-07
1854.5	2.758000E-07
1855.5	2.759000E-07
1856.5	2.760000E-07
1857.5	2.761000E-07
1858.5	2.762000E-07
1859.5	2.763000E-07
1860.5	2.764000E-07
1861.5	2.765000E-07
1862.5	2.766000E-07
1863.5	2.767000E-07
1864.5	2.768000E-07
1865.5	2.769000E-07
1866.5	2.770000E-07
1867.5	2.771000E-07
1868.5	2.772000E-07
1869.5	2.773000E-07
1870.5	2.773750E-07
1871.5	2.774250E-07
1872.5	2.775000E-07
1873.5	2.776000E-07
1874.5	2.777000E-07
1875.5	2.777750E-07
1876.5	2.778250E-07
1877.5	2.779000E-07
1878.5	2.780000E-07
1879.5	2.781000E-07
1880.5	2.782000E-07
1881.5	2.783000E-07
1882.5	2.784000E-07
1883.5	2.785000E-07
1884.5	2.786000E-07
1885.5	2.787000E-07
1886.5	2.788000E-07
1887.5	2.788750E-07
1888.5	2.789250E-07
1889.5	2.790000E-07
1890.5	2.791000E-07
1891.5	2.792000E-07
1892.5	2.793000E-07
1893.5	2.793750E-07
1894.5	2.794250E-07
1895.5	2.794750E-07
1896.5	2.795250E-07
1897.5	2.796000E-07
1898.5	2.796750E-07
1899.5	2.797250E-07
1900.5	2.798000E-07
1901.5	2.799000E-07
1902.5	2.800000E-07
1903.5	2.801000E-07
1904.5	2.802000E-07
1905.5	2.803000E-07
1906.5	2.804000E-07
1907.5	2.805250E-07
1908.5	2.806750E-07
1909.5	2.808250E-07
1910.5	2.809750E-07
1911.5	2.811250E-07
1912.5	2.813000E-07
1913.5	2.814750E-07
1914.5	2.816250E-07
1915.5	2.818000E-07
1916.5	2.820000E-07
1917.5	2.822250E-07
1918.5	2.824750E-07
1919.5	2.827000E-07
1920.5	2.829250E-07
1921.5	2.831750E-07
1922.5	2.834000E-07
1923.5	2.836000E-07
1924.5	2.838000E-07
1925.5	2.840000E-07
1926.5	2.842250E-07
1927.5	2.844500E-07
1928.5	2.846250E-07
1929.5	2.848000E-07
1930.5	2.849750E-07
1931.5	2.851250E-07
1932.5	2.853000E-07
1933.5	2.855000E-07
1934.5	2.857000E-07
1935.5	2.859000E-07
1936.5	2.861000E-07
1937.5	2.862750E-07
1938.5	2.864250E-07
1939.5	2.865750E-07
1940.5	2.867250E-07
1941.5	2.869000E-07
1942.5	2.871000E-07
1943.5	2.873000E-07
1944.5	2.875250E-07
1945.5	2.877750E-07
1946.5	2.880250E-07
1947.5	2.882750E-07
1948.5	2.885250E-07
1949.5	2.887750E-07
1950.5	2.890000E-07
1951.5	2.892000E-07
1952.5	2.894250E-07
1953.5	2.896750E-07
1954.5	2.899000E-07
1955.5	2.901250E-07
1956.5	2.903750E-07
1957.5	2.906000E-07
1958.5	2.908250E-07
1959.5	2.911000E-07
1960.5	2.914000E-07
1961.5	2.916750E-07
1962.5	2.919250E-07
1963.5	2.922250E-07
1964.5	2.926000E-07
1965.5	2.930000E-07
1966.5	2.934000E-07
1967.5	2.938000E-07
1968.5	2.942250E-07
1969.5	2.947000E-07
1970.5	2.952000E-07
1971.5	2.957000E-07
1972.5	2.962250E-07
1973.5	2.968000E-07
1974.5	2.974000E-07
1975.5	2.980000E-07
1976.5	2.986500E-07
1977.5	2.993600E-07
1978.5	3.000825E-07
1979.5	3.007400E-07
1980.5	3.013825E-07
1981.5	3.022200E-07
1982.5	3.030975E-07
1983.5	3.038050E-07
1984.5	3.043975E-07
1985.5	3.050875E-07
1986.5	3.057725E-07
1987.5	3.062625E-07
1988.5	3.071950E-07
1989.5	3.085075E-07
1990.5	3.094850E-07
1991.5	3.101125E-07
1992.5	3.106025E-07
1993.5	3.110775E-07
1994.5	3.116025E-07
1995.5	3.122950E-07
1996.5	3.130475E-07
1997.5	3.137600E-07
1998.5	3.145325E-07
1999.5	3.152575E-07
2000.5	3.158500E-07
2001.5	3.164875E-07
2002.5	3.172450E-07
2003.5	3.180175E-07
2004.5	3.187100E-07
2005.5	3.194400E-07
2006.5	3.201997E-07
2007.5	3.208960E-07
2008.5	3.216067E-07
2009.5	3.223319E-07
2010.5	3.230715E-07
2011.5	3.238255E-07
2012.5	3.245812E-07
2013.5	3.253252E-07
2014.5	3.260574E-07
2015.5	3.267778E-07
2016.5	3.274862E-07
2017.5	3.281827E-07
2018.5	3.288674E-07
2019.5	3.295403E-07
2020.5	3.302018E-07
2021.5	3.308517E-07
2022.5	3.315021E-07
2023.5	3.321650E-07
2024.5	3.328405E-07
2025.5	3.335287E-07
2026.5	3.342296E-07
2027.5	3.349431E-07
2028.5	3.356692E-07
2029.5	3.364078E-07
2030.5	3.371586E-07
2031.5	3.379217E-07
2032.5	3.386971E-07
2033.5	3.394849E-07
2034.5	3.402851E-07
2035.5	3.410975E-07
2036.5	3.419220E-07
2037.5	3.427585E-07
2038.5	3.436070E-07
2039.5	3.444672E-07
2040.5	3.453391E-07
2041.5	3.462225E-07
2042.5	3.471164E-07
2043.5	3.480196E-07
2044.5	3.489318E-07
2045.5	3.498532E-07
2046.5	3.507834E-07
2047.5	3.517226E-07
2048.5	3.526705E-07
2049.5	3.536271E-07
2050.5	3.545923E-07
2051.5	3.555660E-07
2052.5	3.565484E-07
2053.5	3.575395E-07
2054.5	3.585392E-07
2055.5	3.595474E-07
2056.5	3.605641E-07
2057.5	3.615891E-07
2058.5	3.626225E-07
2059.5	3.636641E-07
2060.5	3.647139E-07
2061.5	3.657717E-07
2062.5	3.668360E-07
2063.5	3.679049E-07
2064.5	3.689786E-07
2065.5	3.700568E-07
2066.5	3.711395E-07
2067.5	3.722268E-07
2068.5	3.733184E-07
2069.5	3.744144E-07
2070.5	3.755148E-07
2071.5	3.766195E-07
2072.5	3.777249E-07
2073.5	3.788275E-07
2074.5	3.799273E-07
2075.5	3.810241E-07
2076.5	3.821181E-07
2077.5	3.832091E-07
2078.5	3.842973E-07
2079.5	3.853826E-07
2080.5	3.864650E-07
2081.5	3.875447E-07
2082.5	3.886181E-07
2083.5	3.896818E-07
2084.5	3.907358E-07
2085.5	3.917802E-07
2086.5	3.928149E-07
2087.5	3.938402E-07
2088.5	3.948559E-07
2089.5	3.958623E-07
2090.5	3.968594E-07
2091.5	3.978474E-07
2092.5	3.988253E-07
2093.5	3.997923E-07
2094.5	4.007486E-07
2095.5	4.016942E-07
2096.5	4.026293E-07
2097.5	4.035538E-07
2098.5	4.044679E-07
2099.5	4.053717E-07
2100.5	4.062653E-07
2101.5	4.071488E-07
2102.5	4.080162E-07
2103.5	4.088618E-07
2104.5	4.096856E-07
2105.5	4.104877E-07
2106.5	4.112683E-07
2107.5	4.120274E-07
2108.5	4.127654E-07
2109.5	4.134823E-07
2110.5	4.141785E-07
2111.5	4.148539E-07
2112.5	4.155090E-07
2113.5	4.161438E-07
2114.5	4.167585E-07
2115.5	4.173534E-07
2116.5	4.179285E-07
2117.5	4.184841E-07
2118.5	4.190204E-07
2119.5	4.195375E-07
2120.5	4.200357E-07
2121.5	4.205150E-07
2122.5	4.209756E-07
2123.5	4.214178E-07
2124.5	4.218418E-07
2125.5	4.222475E-07
2126.5	4.226353E-07
2127.5	4.230053E-07
2128.5	4.233577E-07
2129.5	4.236926E-07
2130.5	4.240101E-07
2131.5	4.243106E-07
2132.5	4.245940E-07
2133.5	4.248605E-07
2134.5	4.251104E-07
2135.5	4.253438E-07
2136.5	4.255607E-07
2137.5	4.257614E-07
2138.5	4.259461E-07
2139.5	4.261148E-07
2140.5	4.262677E-07
2141.5	4.264050E-07
2142.5	4.265268E-07
2143.5	4.266332E-07
2144.5	4.267244E-07
2145.5	4.268006E-07
2146.5	4.268618E-07
2147.5	4.269082E-07
2148.5	4.269399E-07
2149.5	4.269571E-07
2150.5	4.269621E-07
2151.5	4.269621E-07
2152.5	4.269621E-07
2153.5	4.269621E-07
2154.5	4.269621E-07
2155.5	4.269621E-07
2156.5	4.269621E-07
2157.5	4.269621E-07
2158.5	4.269621E-07
2159.5	4.269621E-07
2160.5	4.269621E-07
2161.5	4.269621E-07
2162.5	4.269621E-07
2163.5	4.269621E-07
2164.5	4.269621E-07
2165.5	4.269621E-07
2166.5	4.269621E-07
2167.5	4.269621E-07
2168.5	4.269621E-07
2169.5	4.269621E-07
2170.5	4.269621E-07
2171.5	4.269621E-07
2172.5	4.269621E-07
2173.5	4.269621E-07
2174.5	4.269621E-07
2175.5	4.269621E-07
2176.5	4.269621E-07
2177.5	4.269621E-07
2178.5	4.269621E-07
2179.5	4.269621E-07
2180.5	4.269621E-07
2181.5	4.269621E-07
2182.5	4.269621E-07
2183.5	4.269621E-07
2184.5	4.269621E-07
2185.5	4.269621E-07
2186.5	4.269621E-07
2187.5	4.269621E-07
2188.5	4.269621E-07
2189.5	4.269621E-07
2190.5	4.269621E-07
2191.5	4.269621E-07
2192.5	4.269621E-07
2193.5	4.269621E-07
2194.5	4.269621E-07
2195.5	4.269621E-07
2196.5	4.269621E-07
2197.5	4.269621E-07
2198.5	4.269621E-07
2199.5	4.269621E-07
2200.5	4.269621E-07
2201.5	4.269621E-07
2202.5	4.269621E-07
2203.5	4.269621E-07
2204.5	4.269621E-07
2205.5	4.269621E-07
2206.5	4.269621E-07
2207.5	4.269621E-07
2208.5	4.269621E-07
2209.5	4.269621E-07
2210.5	4.269621E-07
2211.5	4.269621E-07
2212.5	4.269621E-07
2213.5	4.269621E-07
2214.5	4.269621E-07
2215.5	4.269621E-07
2216.5	4.269621E-07
2217.5	4.269621E-07
2218.5	4.269621E-07
2219.5	4.269621E-07
2220.5	4.269621E-07
2221.5	4.269621E-07
2222.5	4.269621E-07
2223.5	4.269621E-07
2224.5	4.269621E-07
2225.5	4.269621E-07
2226.5	4.269621E-07
2227.5	4.269621E-07
2228.5	4.269621E-07
2229.5	4.269621E-07
2230.5	4.269621E-07
2231.5	4.269621E-07
2232.5	4.269621E-07
2233.5	4.269621E-07
2234.5	4.269621E-07
2235.5	4.269621E-07
2236.5	4.269621E-07
2237.5	4.269621E-07
2238.5	4.269621E-07
2239.5	4.269621E-07
2240.5	4.269621E-07
2241.5	4.269621E-07
2242.5	4.269621E-07
2243.5	4.269621E-07
2244.5	4.269621E-07
2245.5	4.269621E-07
2246.5	4.269621E-07
2247.5	4.269621E-07
2248.5	4.269621E-07
2249.5	4.269621E-07
2250.5	4.269621E-07
2251.5	4.269621E-07
2252.5	4.269621E-07
2253.5	4.269621E-07
2254.5	4.269621E-07
2255.5	4.269621E-07
2256.5	4.269621E-07
2257.5	4.269621E-07
2258.5	4.269621E-07
2259.5	4.269621E-07
2260.5	4.269621E-07
2261.5	4.269621E-07
2262.5	4.269621E-07
2263.5	4.269621E-07
2264.5	4.269621E-07
2265.5	4.269621E-07
2266.5	4.269621E-07
2267.5	4.269621E-07
2268.5	4.269621E-07
2269.5	4.269621E-07
2270.5	4.269621E-07
2271.5	4.269621E-07
2272.5	4.269621E-07
2273.5	4.269621E-07
2274.5	4.269621E-07
2275.5	4.269621E-07
2276.5	4.269621E-07
2277.5	4.269621E-07
2278.5	4.269621E-07
2279.5	4.269621E-07
2280.5	4.269621E-07
2281.5	4.269621E-07
2282.5	4.269621E-07
2283.5	4.269621E-07
2284.5	4.269621E-07
2285.5	4.269621E-07
2286.5	4.269621E-07
2287.5	4.269621E-07
2288.5	4.269621E-07
2289.5	4.269621E-07
2290.5	4.269621E-07
2291.5	4.269621E-07
2292.5	4.269621E-07
2293.5	4.269621E-07
2294.5	4.269621E-07
2295.5	4.269621E-07
2296.5	4.269621E-07
2297.5	4.269621E-07
2298.5	4.269621E-07
2299.5	4.269621E-07
2300.5	4.269621E-07
2301.5	4.269621E-07
2302.5	4.269621E-07
2303.5	4.269621E-07
2304.5	4.269621E-07
2305.5	4.269621E-07
2306.5	4.269621E-07
2307.5	4.269621E-07
2308.5	4.269621E-07
2309.5	4.269621E-07
2310.5	4.269621E-07
2311.5	4.269621E-07
2312.5	4.269621E-07
2313.5	4.269621E-07
2314.5	4.269621E-07
2315.5	4.269621E-07
2316.5	4.269621E-07
2317.5	4.269621E-07
2318.5	4.269621E-07
2319.5	4.269621E-07
2320.5	4.269621E-07
2321.5	4.269621E-07
2322.5	4.269621E-07
2323.5	4.269621E-07
2324.5	4.269621E-07
2325.5	4.269621E-07
2326.5	4.269621E-07
2327.5	4.269621E-07
2328.5	4.269621E-07
2329.5	4.269621E-07
2330.5	4.269621E-07
2331.5	4.269621E-07
2332.5	4.269621E-07
2333.5	4.269621E-07
2334.5	4.269621E-07
2335.5	4.269621E-07
2336.5	4.269621E-07
2337.5	4.269621E-07
2338.5	4.269621E-07
2339.5	4.269621E-07
2340.5	4.269621E-07
2341.5	4.269621E-07
2342.5	4.269621E-07
2343.5	4.269621E-07
2344.5	4.269621E-07
2345.5	4.269621E-07
2346.5	4.269621E-07
2347.5	4.269621E-07
2348.5	4.269621E-07
2349.5	4.269621E-07
2350.5	4.269621E-07
2351.5	4.269621E-07
2352.5	4.269621E-07
2353.5	4.269621E-07
2354.5	4.269621E-07
2355.5	4.269621E-07
2356.5	4.269621E-07
2357.5	4.269621E-07
2358.5	4.269621E-07
2359.5	4.269621E-07
2360.5	4.269621E-07
2361.5	4.269621E-07
2362.5	4.269621E-07
2363.5	4.269621E-07
2364.5	4.269621E-07
2365.5	4.269621E-07
2366.5	4.269621E-07
2367.5	4.269621E-07
2368.5	4.269621E-07
2369.5	4.269621E-07
2370.5	4.269621E-07
2371.5	4.269621E-07
2372.5	4.269621E-07
2373.5	4.269621E-07
2374.5	4.269621E-07
2375.5	4.269621E-07
2376.5	4.269621E-07
2377.5	4.269621E-07
2378.5	4.269621E-07
2379.5	4.269621E-07
2380.5	4.269621E-07
2381.5	4.269621E-07
2382.5	4.269621E-07
2383.5	4.269621E-07
2384.5	4.269621E-07
2385.5	4.269621E-07
2386.5	4.269621E-07
2387.5	4.269621E-07
2388.5	4.269621E-07
2389.5	4.269621E-07
2390.5	4.269621E-07
2391.5	4.269621E-07
2392.5	4.269621E-07
2393.5	4.269621E-07
2394.5	4.269621E-07
2395.5	4.269621E-07
2396.5	4.269621E-07
2397.5	4.269621E-07
2398.5	4.269621E-07
2399.5	4.269621E-07
2400.5	4.269621E-07
2401.5	4.269621E-07
2402.5	4.269621E-07
2403.5	4.269621E-07
2404.5	4.269621E-07
2405.5	4.269621E-07
2406.5	4.269621E-07
2407.5	4.269621E-07
2408.5	4.269621E-07
2409.5	4.269621E-07
2410.5	4.269621E-07
2411.5	4.269621E-07
2412.5	4.269621E-07
2413.5	4.269621E-07
2414.5	4.269621E-07
2415.5	4.269621E-07
2416.5	4.269621E-07
2417.5	4.269621E-07
2418.5	4.269621E-07
2419.5	4.269621E-07
2420.5	4.269621E-07
2421.5	4.269621E-07
2422.5	4.269621E-07
2423.5	4.269621E-07
2424.5	4.269621E-07
2425.5	4.269621E-07
2426.5	4.269621E-07
2427.5	4.269621E-07
2428.5	4.269621E-07
2429.5	4.269621E-07
2430.5	4.269621E-07
2431.5	4.269621E-07
2432.5	4.269621E-07
2433.5	4.269621E-07
2434.5	4.269621E-07
2435.5	4.269621E-07
2436.5	4.269621E-07
2437.5	4.269621E-07
2438.5	4.269621E-07
2439.5	4.269621E-07
2440.5	4.269621E-07
2441.5	4.269621E-07
2442.5	4.269621E-07
2443.5	4.269621E-07
2444.5	4.269621E-07
2445.5	4.269621E-07
2446.5	4.269621E-07
2447.5	4.269621E-07
2448.5	4.269621E-07
2449.5	4.269621E-07
2450.5	4.269621E-07
2451.5	4.269621E-07
2452.5	4.269621E-07
2453.5	4.269621E-07
2454.5	4.269621E-07
2455.5	4.269621E-07
2456.5	4.269621E-07
2457.5	4.269621E-07
2458.5	4.269621E-07
2459.5	4.269621E-07
2460.5	4.269621E-07
2461.5	4.269621E-07
2462.5	4.269621E-07
2463.5	4.269621E-07
2464.5	4.269621E-07
2465.5	4.269621E-07
2466.5	4.269621E-07
2467.5	4.269621E-07
2468.5	4.269621E-07
2469.5	4.269621E-07
2470.5	4.269621E-07
2471.5	4.269621E-07
2472.5	4.269621E-07
2473.5	4.269621E-07
2474.5	4.269621E-07
2475.5	4.269621E-07
2476.5	4.269621E-07
2477.5	4.269621E-07
2478.5	4.269621E-07
2479.5	4.269621E-07
2480.5	4.269621E-07
2481.5	4.269621E-07
2482.5	4.269621E-07
2483.5	4.269621E-07
2484.5	4.269621E-07
2485.5	4.269621E-07
2486.5	4.269621E-07
2487.5	4.269621E-07
2488.5	4.269621E-07
2489.5	4.269621E-07
2490.5	4.269621E-07
2491.5	4.269621E-07
2492.5	4.269621E-07
2493.5	4.269621E-07
2494.5	4.269621E-07
2495.5	4.269621E-07
2496.5	4.269621E-07
2497.5	4.269621E-07
2498.5	4.269621E-07
2499.5	4.269621E-07
2500.5	4.269621E-07
999999999.0 272.9596E-09
-END-OF-DATA-