-START-OF-DATA-	
0	2.729596000E-07
1765.5	2.729596100E-07
1766.5	2.729712100E-07
1767.5	2.729941900E-07
1768.5	2.730167800E-07
1769.5	2.730390300E-07
1770.5	2.730609600E-07
1771.5	2.730825700E-07
1772.5	2.731038600E-07
1773.5	2.731248600E-07
1774.5	2.731456300E-07
1775.5	2.731662100E-07
1776.5	2.731866000E-07
1777.5	2.732067700E-07
1778.5	2.732267600E-07
1779.5	2.732466500E-07
1780.5	2.732664600E-07
1781.5	2.732862000E-07
1782.5	2.733058500E-07
1783.5	2.733254300E-07
1784.5	2.733450000E-07
1785.5	2.733646300E-07
1786.5	2.733843200E-07
1787.5	2.734040200E-07
1788.5	2.734237800E-07
1789.5	2.734436300E-07
1790.5	2.734636500E-07
1791.5	2.734838200E-07
1792.5	2.735041200E-07
1793.5	2.735245700E-07
1794.5	2.735452300E-07
1795.5	2.735661500E-07
1796.5	2.735873300E-07
1797.5	2.736087600E-07
1798.5	2.736304600E-07
1799.5	2.736524700E-07
1800.5	2.736748500E-07
1801.5	2.736976200E-07
1802.5	2.737207600E-07
1803.5	2.737442900E-07
1804.5	2.737682500E-07
1805.5	2.737926700E-07
1806.5	2.738175800E-07
1807.5	2.738429700E-07
1808.5	2.738688700E-07
1809.5	2.738952900E-07
1810.5	2.739222600E-07
1811.5	2.739498100E-07
1812.5	2.739779400E-07
1813.5	2.740066800E-07
1814.5	2.740360500E-07
1815.5	2.740660600E-07
1816.5	2.740967500E-07
1817.5	2.741281300E-07
1818.5	2.741602400E-07
1819.5	2.741930600E-07
1820.5	2.742266100E-07
1821.5	2.742609000E-07
1822.5	2.742959600E-07
1823.5	2.743318300E-07
1824.5	2.743685000E-07
1825.5	2.744059800E-07
1826.5	2.744443000E-07
1827.5	2.744835100E-07
1828.5	2.745236100E-07
1829.5	2.745646100E-07
1830.5	2.746065000E-07
1831.5	2.746492900E-07
1832.5	2.746930500E-07
1833.5	2.747377900E-07
1834.5	2.747835100E-07
1835.5	2.748302200E-07
1836.5	2.748779300E-07
1837.5	2.749266900E-07
1838.5	2.749765500E-07
1839.5	2.750274800E-07
1840.5	2.750796600E-07
1841.5	2.751364200E-07
1842.5	2.752022000E-07
1843.5	2.752731300E-07
1844.5	2.753371000E-07
1845.5	2.753804500E-07
1846.5	2.753984000E-07
1847.5	2.754013000E-07
1848.5	2.754007900E-07
1849.5	2.754003200E-07
1850.5	2.754250600E-07
1851.5	2.755000000E-07
1852.5	2.756000000E-07
1853.5	2.757000000E-07
1854.5	2.758000000E-07
1855.5	2.759000000E-07
1856.5	2.760000000E-07
1857.5	2.761000000E-07
1858.5	2.762000000E-07
1859.5	2.763000000E-07
1860.5	2.764000000E-07
1861.5	2.765000000E-07
1862.5	2.766000000E-07
1863.5	2.767000000E-07
1864.5	2.768000000E-07
1865.5	2.769000000E-07
1866.5	2.770000000E-07
1867.5	2.771000000E-07
1868.5	2.772000000E-07
1869.5	2.773000000E-07
1870.5	2.773750000E-07
1871.5	2.774250000E-07
1872.5	2.775000000E-07
1873.5	2.776000000E-07
1874.5	2.777000000E-07
1875.5	2.777750000E-07
1876.5	2.778250000E-07
1877.5	2.779000000E-07
1878.5	2.780000000E-07
1879.5	2.781000000E-07
1880.5	2.782000000E-07
1881.5	2.783000000E-07
1882.5	2.784000000E-07
1883.5	2.785000000E-07
1884.5	2.786000000E-07
1885.5	2.787000000E-07
1886.5	2.788000000E-07
1887.5	2.788750000E-07
1888.5	2.789250000E-07
1889.5	2.790000000E-07
1890.5	2.791000000E-07
1891.5	2.792000000E-07
1892.5	2.793000000E-07
1893.5	2.793750000E-07
1894.5	2.794250000E-07
1895.5	2.794750000E-07
1896.5	2.795250000E-07
1897.5	2.796000000E-07
1898.5	2.796750000E-07
1899.5	2.797250000E-07
1900.5	2.798000000E-07
1901.5	2.799000000E-07
1902.5	2.800000000E-07
1903.5	2.801000000E-07
1904.5	2.802000000E-07
1905.5	2.803000000E-07
1906.5	2.804000000E-07
1907.5	2.805250000E-07
1908.5	2.806750000E-07
1909.5	2.808250000E-07
1910.5	2.809750000E-07
1911.5	2.811250000E-07
1912.5	2.813000000E-07
1913.5	2.814750000E-07
1914.5	2.816250000E-07
1915.5	2.818000000E-07
1916.5	2.820000000E-07
1917.5	2.822250000E-07
1918.5	2.824750000E-07
1919.5	2.827000000E-07
1920.5	2.829250000E-07
1921.5	2.831750000E-07
1922.5	2.834000000E-07
1923.5	2.836000000E-07
1924.5	2.838000000E-07
1925.5	2.840000000E-07
1926.5	2.842250000E-07
1927.5	2.844500000E-07
1928.5	2.846250000E-07
1929.5	2.848000000E-07
1930.5	2.849750000E-07
1931.5	2.851250000E-07
1932.5	2.853000000E-07
1933.5	2.855000000E-07
1934.5	2.857000000E-07
1935.5	2.859000000E-07
1936.5	2.861000000E-07
1937.5	2.862750000E-07
1938.5	2.864250000E-07
1939.5	2.865750000E-07
1940.5	2.867250000E-07
1941.5	2.869000000E-07
1942.5	2.871000000E-07
1943.5	2.873000000E-07
1944.5	2.875250000E-07
1945.5	2.877750000E-07
1946.5	2.880250000E-07
1947.5	2.882750000E-07
1948.5	2.885250000E-07
1949.5	2.887750000E-07
1950.5	2.890000000E-07
1951.5	2.892000000E-07
1952.5	2.894250000E-07
1953.5	2.896750000E-07
1954.5	2.899000000E-07
1955.5	2.901250000E-07
1956.5	2.903750000E-07
1957.5	2.906000000E-07
1958.5	2.908250000E-07
1959.5	2.911000000E-07
1960.5	2.914000000E-07
1961.5	2.916750000E-07
1962.5	2.919250000E-07
1963.5	2.922250000E-07
1964.5	2.926000000E-07
1965.5	2.930000000E-07
1966.5	2.934000000E-07
1967.5	2.938000000E-07
1968.5	2.942250000E-07
1969.5	2.947000000E-07
1970.5	2.952000000E-07
1971.5	2.957000000E-07
1972.5	2.962250000E-07
1973.5	2.968000000E-07
1974.5	2.974000000E-07
1975.5	2.980000000E-07
1976.5	2.986500000E-07
1977.5	2.993600000E-07
1978.5	3.000825000E-07
1979.5	3.007400000E-07
1980.5	3.013825000E-07
1981.5	3.022200000E-07
1982.5	3.030975000E-07
1983.5	3.038050000E-07
1984.5	3.043975000E-07
1985.5	3.050875000E-07
1986.5	3.057725000E-07
1987.5	3.062625000E-07
1988.5	3.071950000E-07
1989.5	3.085075000E-07
1990.5	3.094850000E-07
1991.5	3.101125000E-07
1992.5	3.106025000E-07
1993.5	3.110775000E-07
1994.5	3.116025000E-07
1995.5	3.122950000E-07
1996.5	3.130475000E-07
1997.5	3.137600000E-07
1998.5	3.145325000E-07
1999.5	3.152575000E-07
2000.5	3.158500000E-07
2001.5	3.164875000E-07
2002.5	3.172450000E-07
2003.5	3.180175000E-07
2004.5	3.187100000E-07
2005.5	3.194400000E-07
2006.5	3.201996700E-07
2007.5	3.208888500E-07
2008.5	3.215780200E-07
2009.5	3.222673500E-07
2010.5	3.229565400E-07
2011.5	3.236457500E-07
2012.5	3.243271600E-07
2013.5	3.249926400E-07
2014.5	3.256422000E-07
2015.5	3.262758400E-07
2016.5	3.268936000E-07
2017.5	3.274955900E-07
2018.5	3.280819400E-07
2019.5	3.286528000E-07
2020.5	3.292083000E-07
2021.5	3.297485800E-07
2022.5	3.302781200E-07
2023.5	3.308013600E-07
2024.5	3.313184400E-07
2025.5	3.318295000E-07
2026.5	3.323346300E-07
2027.5	3.328339300E-07
2028.5	3.333274300E-07
2029.5	3.338151900E-07
2030.5	3.342972800E-07
2031.5	3.347737200E-07
2032.5	3.352438700E-07
2033.5	3.357070400E-07
2034.5	3.361632800E-07
2035.5	3.366126500E-07
2036.5	3.370551900E-07
2037.5	3.374909700E-07
2038.5	3.379200500E-07
2039.5	3.383424800E-07
2040.5	3.387583400E-07
2041.5	3.391676600E-07
2042.5	3.395621900E-07
2043.5	3.399336200E-07
2044.5	3.402820400E-07
2045.5	3.406074900E-07
2046.5	3.409100900E-07
2047.5	3.411900000E-07
2048.5	3.414474300E-07
2049.5	3.416825700E-07
2050.5	3.418956200E-07
2051.5	3.420868000E-07
2052.5	3.422604700E-07
2053.5	3.424210200E-07
2054.5	3.425686300E-07
2055.5	3.427035000E-07
2056.5	3.428258000E-07
2057.5	3.429356500E-07
2058.5	3.430331800E-07
2059.5	3.431185000E-07
2060.5	3.431917100E-07
2061.5	3.432529400E-07
2062.5	3.433080200E-07
2063.5	3.433627800E-07
2064.5	3.434173300E-07
2065.5	3.434717800E-07
2066.5	3.435261800E-07
2067.5	3.435805800E-07
2068.5	3.436349800E-07
2069.5	3.436893700E-07
2070.5	3.437437600E-07
2071.5	3.437981500E-07
2072.5	3.438509700E-07
2073.5	3.439006600E-07
2074.5	3.439472100E-07
2075.5	3.439906300E-07
2076.5	3.440309300E-07
2077.5	3.440681300E-07
2078.5	3.441022500E-07
2079.5	3.441333300E-07
2080.5	3.441613800E-07
2081.5	3.441864400E-07
2082.5	3.442082800E-07
2083.5	3.442266600E-07
2084.5	3.442416100E-07
2085.5	3.442531600E-07
2086.5	3.442613300E-07
2087.5	3.442661600E-07
2088.5	3.442676700E-07
2089.5	3.442658900E-07
2090.5	3.442608500E-07
2091.5	3.442525900E-07
2092.5	3.442408700E-07
2093.5	3.442254400E-07
2094.5	3.442063400E-07
2095.5	3.441836000E-07
2096.5	3.441572400E-07
2097.5	3.441273000E-07
2098.5	3.440938100E-07
2099.5	3.440568000E-07
2100.5	3.440163000E-07
2101.5	3.439723500E-07
2102.5	3.439268300E-07
2103.5	3.438816300E-07
2104.5	3.438367700E-07
2105.5	3.437922900E-07
2106.5	3.437482000E-07
2107.5	3.437045100E-07
2108.5	3.436612200E-07
2109.5	3.436183200E-07
2110.5	3.435758100E-07
2111.5	3.435336900E-07
2112.5	3.434919500E-07
2113.5	3.434505900E-07
2114.5	3.434096100E-07
2115.5	3.433690000E-07
2116.5	3.433287700E-07
2117.5	3.432888900E-07
2118.5	3.432493800E-07
2119.5	3.432102400E-07
2120.5	3.431714400E-07
2121.5	3.431330000E-07
2122.5	3.430949100E-07
2123.5	3.430571700E-07
2124.5	3.430197700E-07
2125.5	3.429827100E-07
2126.5	3.429459900E-07
2127.5	3.429096000E-07
2128.5	3.428735500E-07
2129.5	3.428378200E-07
2130.5	3.428024200E-07
2131.5	3.427673400E-07
2132.5	3.427325800E-07
2133.5	3.426981300E-07
2134.5	3.426640000E-07
2135.5	3.426301800E-07
2136.5	3.425966700E-07
2137.5	3.425634600E-07
2138.5	3.425305600E-07
2139.5	3.424979500E-07
2140.5	3.424656400E-07
2141.5	3.424336300E-07
2142.5	3.424019000E-07
2143.5	3.423704700E-07
2144.5	3.423393200E-07
2145.5	3.423084600E-07
2146.5	3.422778700E-07
2147.5	3.422475700E-07
2148.5	3.422175400E-07
2149.5	3.421877800E-07
2150.5	3.421583000E-07
2151.5	3.421290800E-07
2152.5	3.421001300E-07
2153.5	3.420714400E-07
2154.5	3.420430100E-07
2155.5	3.420148500E-07
2156.5	3.419869300E-07
2157.5	3.419592800E-07
2158.5	3.419318700E-07
2159.5	3.419047200E-07
2160.5	3.418778100E-07
2161.5	3.418511400E-07
2162.5	3.418247200E-07
2163.5	3.417985400E-07
2164.5	3.417726000E-07
2165.5	3.417468900E-07
2166.5	3.417214200E-07
2167.5	3.416961800E-07
2168.5	3.416711700E-07
2169.5	3.416463800E-07
2170.5	3.416218300E-07
2171.5	3.415974900E-07
2172.5	3.415733800E-07
2173.5	3.415494900E-07
2174.5	3.415258100E-07
2175.5	3.415023500E-07
2176.5	3.414791000E-07
2177.5	3.414560700E-07
2178.5	3.414332400E-07
2179.5	3.414106300E-07
2180.5	3.413882100E-07
2181.5	3.413660100E-07
2182.5	3.413440000E-07
2183.5	3.413222000E-07
2184.5	3.413005900E-07
2185.5	3.412791800E-07
2186.5	3.412579600E-07
2187.5	3.412369400E-07
2188.5	3.412161100E-07
2189.5	3.411954700E-07
2190.5	3.411750100E-07
2191.5	3.411547500E-07
2192.5	3.411346600E-07
2193.5	3.411147600E-07
2194.5	3.410950400E-07
2195.5	3.410755000E-07
2196.5	3.410561400E-07
2197.5	3.410369600E-07
2198.5	3.410179400E-07
2199.5	3.409991100E-07
2200.5	3.409804400E-07
2201.5	3.409619400E-07
2202.5	3.409436100E-07
2203.5	3.409254500E-07
2204.5	3.409074600E-07
2205.5	3.408896200E-07
2206.5	3.408719500E-07
2207.5	3.408544400E-07
2208.5	3.408370900E-07
2209.5	3.408199000E-07
2210.5	3.408028700E-07
2211.5	3.407859900E-07
2212.5	3.407692600E-07
2213.5	3.407526800E-07
2214.5	3.407362600E-07
2215.5	3.407199800E-07
2216.5	3.407038600E-07
2217.5	3.406878800E-07
2218.5	3.406720400E-07
2219.5	3.406563500E-07
2220.5	3.406408100E-07
2221.5	3.406254000E-07
2222.5	3.406101300E-07
2223.5	3.405950100E-07
2224.5	3.405800200E-07
2225.5	3.405651700E-07
2226.5	3.405504500E-07
2227.5	3.405358600E-07
2228.5	3.405214100E-07
2229.5	3.405070900E-07
2230.5	3.404929000E-07
2231.5	3.404788400E-07
2232.5	3.404649100E-07
2233.5	3.404511100E-07
2234.5	3.404374300E-07
2235.5	3.404238700E-07
2236.5	3.404104400E-07
2237.5	3.403971300E-07
2238.5	3.403839400E-07
2239.5	3.403708700E-07
2240.5	3.403579200E-07
2241.5	3.403450900E-07
2242.5	3.403323800E-07
2243.5	3.403197800E-07
2244.5	3.403072900E-07
2245.5	3.402949200E-07
2246.5	3.402826600E-07
2247.5	3.402705200E-07
2248.5	3.402584800E-07
2249.5	3.402465500E-07
2250.5	3.402347400E-07
2251.5	3.402230200E-07
2252.5	3.402114200E-07
2253.5	3.401999200E-07
2254.5	3.401885300E-07
2255.5	3.401772400E-07
2256.5	3.401660500E-07
2257.5	3.401549600E-07
2258.5	3.401439800E-07
2259.5	3.401330900E-07
2260.5	3.401223100E-07
2261.5	3.401116200E-07
2262.5	3.401010300E-07
2263.5	3.400905400E-07
2264.5	3.400801400E-07
2265.5	3.400698300E-07
2266.5	3.400596200E-07
2267.5	3.400495100E-07
2268.5	3.400394800E-07
2269.5	3.400295500E-07
2270.5	3.400197000E-07
2271.5	3.400099500E-07
2272.5	3.400002800E-07
2273.5	3.399907100E-07
2274.5	3.399812200E-07
2275.5	3.399718100E-07
2276.5	3.399624900E-07
2277.5	3.399532600E-07
2278.5	3.399441100E-07
2279.5	3.399350400E-07
2280.5	3.399260600E-07
2281.5	3.399171600E-07
2282.5	3.399083400E-07
2283.5	3.398996000E-07
2284.5	3.398909400E-07
2285.5	3.398823500E-07
2286.5	3.398738500E-07
2287.5	3.398654200E-07
2288.5	3.398570700E-07
2289.5	3.398488000E-07
2290.5	3.398406000E-07
2291.5	3.398324700E-07
2292.5	3.398244200E-07
2293.5	3.398164500E-07
2294.5	3.398085400E-07
2295.5	3.398007100E-07
2296.5	3.397929500E-07
2297.5	3.397852600E-07
2298.5	3.397776400E-07
2299.5	3.397700800E-07
2300.5	3.397626000E-07
2301.5	3.397551900E-07
2302.5	3.397478400E-07
2303.5	3.397405600E-07
2304.5	3.397333400E-07
2305.5	3.397262000E-07
2306.5	3.397191100E-07
2307.5	3.397120900E-07
2308.5	3.397051400E-07
2309.5	3.396982500E-07
2310.5	3.396914200E-07
2311.5	3.396846500E-07
2312.5	3.396779400E-07
2313.5	3.396713000E-07
2314.5	3.396647200E-07
2315.5	3.396581900E-07
2316.5	3.396517300E-07
2317.5	3.396453200E-07
2318.5	3.396389700E-07
2319.5	3.396326800E-07
2320.5	3.396264500E-07
2321.5	3.396202800E-07
2322.5	3.396141600E-07
2323.5	3.396080900E-07
2324.5	3.396020800E-07
2325.5	3.395961300E-07
2326.5	3.395902300E-07
2327.5	3.395843800E-07
2328.5	3.395785900E-07
2329.5	3.395728500E-07
2330.5	3.395671600E-07
2331.5	3.395615200E-07
2332.5	3.395559400E-07
2333.5	3.395504000E-07
2334.5	3.395449200E-07
2335.5	3.395394900E-07
2336.5	3.395341000E-07
2337.5	3.395287700E-07
2338.5	3.395234800E-07
2339.5	3.395182400E-07
2340.5	3.395130500E-07
2341.5	3.395079000E-07
2342.5	3.395028100E-07
2343.5	3.394977600E-07
2344.5	3.394927500E-07
2345.5	3.394877900E-07
2346.5	3.394828800E-07
2347.5	3.394780100E-07
2348.5	3.394731800E-07
2349.5	3.394684000E-07
2350.5	3.394636600E-07
2351.5	3.394589700E-07
2352.5	3.394543200E-07
2353.5	3.394497100E-07
2354.5	3.394451400E-07
2355.5	3.394406100E-07
2356.5	3.394361300E-07
2357.5	3.394316800E-07
2358.5	3.394272800E-07
2359.5	3.394229200E-07
2360.5	3.394185900E-07
2361.5	3.394143100E-07
2362.5	3.394100600E-07
2363.5	3.394058500E-07
2364.5	3.394016900E-07
2365.5	3.393975500E-07
2366.5	3.393934600E-07
2367.5	3.393894100E-07
2368.5	3.393853900E-07
2369.5	3.393814000E-07
2370.5	3.393774600E-07
2371.5	3.393735500E-07
2372.5	3.393696700E-07
2373.5	3.393658300E-07
2374.5	3.393620300E-07
2375.5	3.393582600E-07
2376.5	3.393545200E-07
2377.5	3.393508200E-07
2378.5	3.393471500E-07
2379.5	3.393435200E-07
2380.5	3.393399200E-07
2381.5	3.393363500E-07
2382.5	3.393328100E-07
2383.5	3.393293100E-07
2384.5	3.393258300E-07
2385.5	3.393223900E-07
2386.5	3.393189800E-07
2387.5	3.393156100E-07
2388.5	3.393122600E-07
2389.5	3.393089400E-07
2390.5	3.393056500E-07
2391.5	3.393024000E-07
2392.5	3.392991700E-07
2393.5	3.392959700E-07
2394.5	3.392928000E-07
2395.5	3.392896600E-07
2396.5	3.392865500E-07
2397.5	3.392834700E-07
2398.5	3.392804100E-07
2399.5	3.392773800E-07
2400.5	3.392743800E-07
2401.5	3.392714100E-07
2402.5	3.392684700E-07
2403.5	3.392655500E-07
2404.5	3.392626500E-07
2405.5	3.392597900E-07
2406.5	3.392569500E-07
2407.5	3.392541300E-07
2408.5	3.392513500E-07
2409.5	3.392485800E-07
2410.5	3.392458400E-07
2411.5	3.392431300E-07
2412.5	3.392404400E-07
2413.5	3.392377800E-07
2414.5	3.392351400E-07
2415.5	3.392325200E-07
2416.5	3.392299300E-07
2417.5	3.392273600E-07
2418.5	3.392248200E-07
2419.5	3.392223000E-07
2420.5	3.392198000E-07
2421.5	3.392173200E-07
2422.5	3.392148700E-07
2423.5	3.392124400E-07
2424.5	3.392100300E-07
2425.5	3.392076400E-07
2426.5	3.392052800E-07
2427.5	3.392029300E-07
2428.5	3.392006100E-07
2429.5	3.391983100E-07
2430.5	3.391960300E-07
2431.5	3.391937700E-07
2432.5	3.391915300E-07
2433.5	3.391893100E-07
2434.5	3.391871100E-07
2435.5	3.391849300E-07
2436.5	3.391827700E-07
2437.5	3.391806400E-07
2438.5	3.391785200E-07
2439.5	3.391764200E-07
2440.5	3.391743300E-07
2441.5	3.391722700E-07
2442.5	3.391702300E-07
2443.5	3.391682000E-07
2444.5	3.391662000E-07
2445.5	3.391642100E-07
2446.5	3.391622400E-07
2447.5	3.391602900E-07
2448.5	3.391583500E-07
2449.5	3.391564300E-07
2450.5	3.391545300E-07
2451.5	3.391526500E-07
2452.5	3.391507900E-07
2453.5	3.391489400E-07
2454.5	3.391471100E-07
2455.5	3.391452900E-07
2456.5	3.391434900E-07
2457.5	3.391417100E-07
2458.5	3.391399500E-07
2459.5	3.391382000E-07
2460.5	3.391364600E-07
2461.5	3.391347500E-07
2462.5	3.391330400E-07
2463.5	3.391313600E-07
2464.5	3.391296900E-07
2465.5	3.391280300E-07
2466.5	3.391263900E-07
2467.5	3.391247600E-07
2468.5	3.391231500E-07
2469.5	3.391215500E-07
2470.5	3.391199700E-07
2471.5	3.391184000E-07
2472.5	3.391168500E-07
2473.5	3.391153100E-07
2474.5	3.391137900E-07
2475.5	3.391122700E-07
2476.5	3.391107800E-07
2477.5	3.391092900E-07
2478.5	3.391078200E-07
2479.5	3.391063600E-07
2480.5	3.391049200E-07
2481.5	3.391034900E-07
2482.5	3.391020700E-07
2483.5	3.391006700E-07
2484.5	3.390992700E-07
2485.5	3.390979000E-07
2486.5	3.390965300E-07
2487.5	3.390951700E-07
2488.5	3.390938300E-07
2489.5	3.390925000E-07
2490.5	3.390911800E-07
2491.5	3.390898800E-07
2492.5	3.390885800E-07
2493.5	3.390873000E-07
2494.5	3.390860300E-07
2495.5	3.390847700E-07
2496.5	3.390835200E-07
2497.5	3.390822900E-07
2498.5	3.390810600E-07
2499.5	3.390798500E-07
2500.5	3.390792500E-07
999999999	2.729596000E-07
-END-OF-DATA-	