-START-OF-DATA-	
0	2.780000000E-04
1765.5	2.780515800E-04
1766.5	2.781061500E-04
1767.5	2.782203900E-04
1768.5	2.783430500E-04
1769.5	2.784705800E-04
1770.5	2.786004700E-04
1771.5	2.787327500E-04
1772.5	2.788688100E-04
1773.5	2.790090700E-04
1774.5	2.791531800E-04
1775.5	2.793018000E-04
1776.5	2.794568000E-04
1777.5	2.796180800E-04
1778.5	2.797819200E-04
1779.5	2.799432000E-04
1780.5	2.800974000E-04
1781.5	2.802428000E-04
1782.5	2.803816800E-04
1783.5	2.805183200E-04
1784.5	2.806572000E-04
1785.5	2.808026000E-04
1786.5	2.809568000E-04
1787.5	2.811180800E-04
1788.5	2.812819200E-04
1789.5	2.814432000E-04
1790.5	2.815982000E-04
1791.5	2.817468200E-04
1792.5	2.818909300E-04
1793.5	2.820311900E-04
1794.5	2.821672500E-04
1795.5	2.822990100E-04
1796.5	2.824268000E-04
1797.5	2.825509300E-04
1798.5	2.826712300E-04
1799.5	2.827873000E-04
1800.5	2.828990100E-04
1801.5	2.830067700E-04
1802.5	2.831109300E-04
1803.5	2.832112900E-04
1804.5	2.833073700E-04
1805.5	2.833996300E-04
1806.5	2.834897800E-04
1807.5	2.835779600E-04
1808.5	2.836611600E-04
1809.5	2.837351100E-04
1810.5	2.837967600E-04
1811.5	2.838466700E-04
1812.5	2.838885300E-04
1813.5	2.839261300E-04
1814.5	2.839626700E-04
1815.5	2.840010700E-04
1816.5	2.840426700E-04
1817.5	2.840861300E-04
1818.5	2.841285300E-04
1819.5	2.841666700E-04
1820.5	2.841982000E-04
1821.5	2.842233300E-04
1822.5	2.842442700E-04
1823.5	2.842630700E-04
1824.5	2.842813300E-04
1825.5	2.843002700E-04
1826.5	2.843200000E-04
1827.5	2.843400000E-04
1828.5	2.843600000E-04
1829.5	2.843800000E-04
1830.5	2.844000000E-04
1831.5	2.843850000E-04
1832.5	2.842800000E-04
1833.5	2.841250000E-04
1834.5	2.839750000E-04
1835.5	2.838250000E-04
1836.5	2.836750000E-04
1837.5	2.835250000E-04
1838.5	2.834250000E-04
1839.5	2.834000000E-04
1840.5	2.834000000E-04
1841.5	2.834250000E-04
1842.5	2.835000000E-04
1843.5	2.836000000E-04
1844.5	2.837250000E-04
1845.5	2.839000000E-04
1846.5	2.840750000E-04
1847.5	2.842250000E-04
1848.5	2.844000000E-04
1849.5	2.845750000E-04
1850.5	2.847250000E-04
1851.5	2.848750000E-04
1852.5	2.850000000E-04
1853.5	2.851250000E-04
1854.5	2.852750000E-04
1855.5	2.854250000E-04
1856.5	2.855750000E-04
1857.5	2.857250000E-04
1858.5	2.859000000E-04
1859.5	2.860750000E-04
1860.5	2.862250000E-04
1861.5	2.863750000E-04
1862.5	2.865000000E-04
1863.5	2.866250000E-04
1864.5	2.867750000E-04
1865.5	2.869000000E-04
1866.5	2.870000000E-04
1867.5	2.871000000E-04
1868.5	2.872250000E-04
1869.5	2.873750000E-04
1870.5	2.875250000E-04
1871.5	2.877000000E-04
1872.5	2.879000000E-04
1873.5	2.881250000E-04
1874.5	2.884000000E-04
1875.5	2.887000000E-04
1876.5	2.890250000E-04
1877.5	2.894000000E-04
1878.5	2.898000000E-04
1879.5	2.902250000E-04
1880.5	2.907000000E-04
1881.5	2.912000000E-04
1882.5	2.916750000E-04
1883.5	2.921250000E-04
1884.5	2.925750000E-04
1885.5	2.929750000E-04
1886.5	2.933000000E-04
1887.5	2.935750000E-04
1888.5	2.938000000E-04
1889.5	2.940000000E-04
1890.5	2.941750000E-04
1891.5	2.943250000E-04
1892.5	2.944750000E-04
1893.5	2.946000000E-04
1894.5	2.947000000E-04
1895.5	2.948000000E-04
1896.5	2.949000000E-04
1897.5	2.950250000E-04
1898.5	2.952250000E-04
1899.5	2.955000000E-04
1900.5	2.958000000E-04
1901.5	2.961250000E-04
1902.5	2.964750000E-04
1903.5	2.968250000E-04
1904.5	2.972000000E-04
1905.5	2.976250000E-04
1906.5	2.980750000E-04
1907.5	2.985000000E-04
1908.5	2.989000000E-04
1909.5	2.993000000E-04
1910.5	2.997000000E-04
1911.5	3.000750000E-04
1912.5	3.004250000E-04
1913.5	3.007750000E-04
1914.5	3.011000000E-04
1915.5	3.014000000E-04
1916.5	3.017250000E-04
1917.5	3.020750000E-04
1918.5	3.024000000E-04
1919.5	3.027000000E-04
1920.5	3.030250000E-04
1921.5	3.034000000E-04
1922.5	3.037750000E-04
1923.5	3.041250000E-04
1924.5	3.045250000E-04
1925.5	3.049750000E-04
1926.5	3.054000000E-04
1927.5	3.058250000E-04
1928.5	3.063000000E-04
1929.5	3.067750000E-04
1930.5	3.072250000E-04
1931.5	3.077000000E-04
1932.5	3.081750000E-04
1933.5	3.086000000E-04
1934.5	3.090000000E-04
1935.5	3.094000000E-04
1936.5	3.097500000E-04
1937.5	3.100000000E-04
1938.5	3.101750000E-04
1939.5	3.103000000E-04
1940.5	3.103750000E-04
1941.5	3.103750000E-04
1942.5	3.103000000E-04
1943.5	3.102000000E-04
1944.5	3.101250000E-04
1945.5	3.101000000E-04
1946.5	3.101250000E-04
1947.5	3.102000000E-04
1948.5	3.103250000E-04
1949.5	3.105000000E-04
1950.5	3.107500000E-04
1951.5	3.111000000E-04
1952.5	3.115000000E-04
1953.5	3.119250000E-04
1954.5	3.124250000E-04
1955.5	3.130000000E-04
1956.5	3.136000000E-04
1957.5	3.142250000E-04
1958.5	3.148475000E-04
1959.5	3.155000000E-04
1960.5	3.162725000E-04
1961.5	3.170750000E-04
1962.5	3.177950000E-04
1963.5	3.183975000E-04
1964.5	3.189250000E-04
1965.5	3.196475000E-04
1966.5	3.206475000E-04
1967.5	3.216050000E-04
1968.5	3.226350000E-04
1969.5	3.239025000E-04
1970.5	3.249850000E-04
1971.5	3.258550000E-04
1972.5	3.271400000E-04
1973.5	3.286775000E-04
1974.5	3.297425000E-04
1975.5	3.305850000E-04
1976.5	3.317475000E-04
1977.5	3.332725000E-04
1978.5	3.348475000E-04
1979.5	3.365250000E-04
1980.5	3.383600000E-04
1981.5	3.397275000E-04
1982.5	3.407925000E-04
1983.5	3.421975000E-04
1984.5	3.437825000E-04
1985.5	3.452825000E-04
1986.5	3.467975000E-04
1987.5	3.486450000E-04
1988.5	3.507375000E-04
1989.5	3.524875000E-04
1990.5	3.538550000E-04
1991.5	3.550175000E-04
1992.5	3.558850000E-04
1993.5	3.567775000E-04
1994.5	3.581275000E-04
1995.5	3.598375000E-04
1996.5	3.614625000E-04
1997.5	3.631550000E-04
1998.5	3.653225000E-04
1999.5	3.673475000E-04
2000.5	3.688650000E-04
2001.5	3.704675000E-04
2002.5	3.725225000E-04
2003.5	3.747600000E-04
2004.5	3.768125000E-04
2005.5	3.788125000E-04
2006.5	3.808275000E-04
2007.5	3.827775000E-04
2008.5	3.848000000E-04
2009.5	3.870005400E-04
2010.5	3.892852100E-04
2011.5	3.915625200E-04
2012.5	3.938427300E-04
2013.5	3.961173400E-04
2014.5	3.983956800E-04
2015.5	4.006806800E-04
2016.5	4.029683000E-04
2017.5	4.052518200E-04
2018.5	4.075288200E-04
2019.5	4.098002900E-04
2020.5	4.120678300E-04
2021.5	4.143256500E-04
2022.5	4.165166200E-04
2023.5	4.186032200E-04
2024.5	4.206013200E-04
2025.5	4.225157500E-04
2026.5	4.243490100E-04
2027.5	4.260967500E-04
2028.5	4.277523200E-04
2029.5	4.293138100E-04
2030.5	4.307831500E-04
2031.5	4.321634400E-04
2032.5	4.334361800E-04
2033.5	4.345927300E-04
2034.5	4.356530200E-04
2035.5	4.366280400E-04
2036.5	4.375215800E-04
2037.5	4.383343300E-04
2038.5	4.390601500E-04
2039.5	4.396906100E-04
2040.5	4.402224000E-04
2041.5	4.406566600E-04
2042.5	4.410247600E-04
2043.5	4.413465100E-04
2044.5	4.416210000E-04
2045.5	4.418644000E-04
2046.5	4.420848200E-04
2047.5	4.422834000E-04
2048.5	4.424583000E-04
2049.5	4.426009100E-04
2050.5	4.427004600E-04
2051.5	4.427518400E-04
2052.5	4.427610000E-04
2053.5	4.427341700E-04
2054.5	4.426626300E-04
2055.5	4.425476700E-04
2056.5	4.424064200E-04
2057.5	4.422483300E-04
2058.5	4.420753500E-04
2059.5	4.418862500E-04
2060.5	4.416727400E-04
2061.5	4.414241500E-04
2062.5	4.411345000E-04
2063.5	4.408028400E-04
2064.5	4.404304100E-04
2065.5	4.400102100E-04
2066.5	4.395447300E-04
2067.5	4.390522200E-04
2068.5	4.385429100E-04
2069.5	4.380193200E-04
2070.5	4.374806200E-04
2071.5	4.369187800E-04
2072.5	4.363425100E-04
2073.5	4.357643600E-04
2074.5	4.351818900E-04
2075.5	4.345950000E-04
2076.5	4.339954200E-04
2077.5	4.333845600E-04
2078.5	4.327796100E-04
2079.5	4.321897800E-04
2080.5	4.316165900E-04
2081.5	4.310584700E-04
2082.5	4.305102600E-04
2083.5	4.299641300E-04
2084.5	4.294141100E-04
2085.5	4.288590600E-04
2086.5	4.282991000E-04
2087.5	4.277265200E-04
2088.5	4.271430800E-04
2089.5	4.265660700E-04
2090.5	4.260047200E-04
2091.5	4.254606500E-04
2092.5	4.249374500E-04
2093.5	4.244312900E-04
2094.5	4.239308300E-04
2095.5	4.234305800E-04
2096.5	4.229294500E-04
2097.5	4.224276100E-04
2098.5	4.219175300E-04
2099.5	4.214011100E-04
2100.5	4.208954600E-04
2101.5	4.204099800E-04
2102.5	4.199453200E-04
2103.5	4.194983100E-04
2104.5	4.190598100E-04
2105.5	4.186190200E-04
2106.5	4.181708200E-04
2107.5	4.177145400E-04
2108.5	4.172507000E-04
2109.5	4.167721900E-04
2110.5	4.162812700E-04
2111.5	4.157951800E-04
2112.5	4.153231900E-04
2113.5	4.148669600E-04
2114.5	4.144249600E-04
2115.5	4.139889300E-04
2116.5	4.135486700E-04
2117.5	4.130994200E-04
2118.5	4.126407600E-04
2119.5	4.121733800E-04
2120.5	4.116904500E-04
2121.5	4.111943500E-04
2122.5	4.107022800E-04
2123.5	4.102233900E-04
2124.5	4.097593000E-04
2125.5	4.093084700E-04
2126.5	4.088627000E-04
2127.5	4.084165600E-04
2128.5	4.079695600E-04
2129.5	4.075207300E-04
2130.5	4.070705100E-04
2131.5	4.066118900E-04
2132.5	4.061470700E-04
2133.5	4.056928600E-04
2134.5	4.052580900E-04
2135.5	4.048441300E-04
2136.5	4.044492200E-04
2137.5	4.040650700E-04
2138.5	4.036816100E-04
2139.5	4.032941500E-04
2140.5	4.029022600E-04
2141.5	4.025066200E-04
2142.5	4.021005600E-04
2143.5	4.016865300E-04
2144.5	4.012813100E-04
2145.5	4.008937500E-04
2146.5	4.005252300E-04
2147.5	4.001740400E-04
2148.5	3.998320400E-04
2149.5	3.994893000E-04
2150.5	3.991413100E-04
2151.5	3.987877200E-04
2152.5	3.984292700E-04
2153.5	3.980595000E-04
2154.5	3.976809100E-04
2155.5	3.973102100E-04
2156.5	3.969561600E-04
2157.5	3.966200900E-04
2158.5	3.963003000E-04
2159.5	3.959887100E-04
2160.5	3.956755400E-04
2161.5	3.953563400E-04
2162.5	3.950308500E-04
2163.5	3.946998500E-04
2164.5	3.943570000E-04
2165.5	3.940048900E-04
2166.5	3.936601000E-04
2167.5	3.933312800E-04
2168.5	3.930197400E-04
2169.5	3.927237400E-04
2170.5	3.924352500E-04
2171.5	3.921446000E-04
2172.5	3.918474400E-04
2173.5	3.915435400E-04
2174.5	3.912337000E-04
2175.5	3.909117200E-04
2176.5	3.905802400E-04
2177.5	3.902557100E-04
2178.5	3.899466800E-04
2179.5	3.896544100E-04
2180.5	3.893771300E-04
2181.5	3.891068700E-04
2182.5	3.888340400E-04
2183.5	3.885543700E-04
2184.5	3.882676500E-04
2185.5	3.879747300E-04
2186.5	3.876695000E-04
2187.5	3.873546500E-04
2188.5	3.870465100E-04
2189.5	3.867535300E-04
2190.5	3.864769200E-04
2191.5	3.862148700E-04
2192.5	3.859594600E-04
2193.5	3.857011800E-04
2194.5	3.854358200E-04
2195.5	3.851632200E-04
2196.5	3.848842400E-04
2197.5	3.845928600E-04
2198.5	3.842918300E-04
2199.5	3.839973500E-04
2200.5	3.837177800E-04
2201.5	3.834542500E-04
2202.5	3.832049500E-04
2203.5	3.829619700E-04
2204.5	3.827159100E-04
2205.5	3.824626000E-04
2206.5	3.822019100E-04
2207.5	3.819347100E-04
2208.5	3.816551000E-04
2209.5	3.813658500E-04
2210.5	3.810830400E-04
2211.5	3.808149400E-04
2212.5	3.805626300E-04
2213.5	3.803242600E-04
2214.5	3.800919500E-04
2215.5	3.798563800E-04
2216.5	3.796134500E-04
2217.5	3.793630400E-04
2218.5	3.791060400E-04
2219.5	3.788366500E-04
2220.5	3.785576500E-04
2221.5	3.782850300E-04
2222.5	3.780269600E-04
2223.5	3.777844500E-04
2224.5	3.775556300E-04
2225.5	3.773326600E-04
2226.5	3.771062900E-04
2227.5	3.768724600E-04
2228.5	3.766310900E-04
2229.5	3.763830800E-04
2230.5	3.761227100E-04
2231.5	3.758528100E-04
2232.5	3.755892300E-04
2233.5	3.753400600E-04
2234.5	3.751062800E-04
2235.5	3.748859500E-04
2236.5	3.746712800E-04
2237.5	3.744531000E-04
2238.5	3.742273900E-04
2239.5	3.739941000E-04
2240.5	3.737541200E-04
2241.5	3.735018400E-04
2242.5	3.732401100E-04
2243.5	3.729846700E-04
2244.5	3.727435300E-04
2245.5	3.725175900E-04
2246.5	3.723049200E-04
2247.5	3.720977300E-04
2248.5	3.718869200E-04
2249.5	3.716685400E-04
2250.5	3.714425400E-04
2251.5	3.712098400E-04
2252.5	3.709648900E-04
2253.5	3.707105900E-04
2254.5	3.704625600E-04
2255.5	3.702287200E-04
2256.5	3.700099300E-04
2257.5	3.698042200E-04
2258.5	3.696038500E-04
2259.5	3.693997600E-04
2260.5	3.691880600E-04
2261.5	3.689687100E-04
2262.5	3.687426600E-04
2263.5	3.685044200E-04
2264.5	3.682569300E-04
2265.5	3.680157000E-04
2266.5	3.677885700E-04
2267.5	3.675763500E-04
2268.5	3.673770300E-04
2269.5	3.671829000E-04
2270.5	3.669849800E-04
2271.5	3.667794100E-04
2272.5	3.665661900E-04
2273.5	3.663462500E-04
2274.5	3.661142100E-04
2275.5	3.658730000E-04
2276.5	3.656380600E-04
2277.5	3.654171300E-04
2278.5	3.652109800E-04
2279.5	3.650175700E-04
2280.5	3.648292100E-04
2281.5	3.646369900E-04
2282.5	3.644371000E-04
2283.5	3.642295400E-04
2284.5	3.640152600E-04
2285.5	3.637889600E-04
2286.5	3.635536000E-04
2287.5	3.633245100E-04
2288.5	3.631093500E-04
2289.5	3.629088400E-04
2290.5	3.627209100E-04
2291.5	3.625379100E-04
2292.5	3.623509900E-04
2293.5	3.621563700E-04
2294.5	3.619540800E-04
2295.5	3.617450800E-04
2296.5	3.615241300E-04
2297.5	3.612942300E-04
2298.5	3.610706000E-04
2299.5	3.608608300E-04
2300.5	3.606655800E-04
2301.5	3.604827800E-04
2302.5	3.603047900E-04
2303.5	3.601228100E-04
2304.5	3.599331100E-04
2305.5	3.597357400E-04
2306.5	3.595316700E-04
2307.5	3.593157300E-04
2308.5	3.590909500E-04
2309.5	3.588724400E-04
2310.5	3.586677200E-04
2311.5	3.584774200E-04
2312.5	3.582994200E-04
2313.5	3.581261100E-04
2314.5	3.579487600E-04
2315.5	3.577636700E-04
2316.5	3.575709200E-04
2317.5	3.573714800E-04
2318.5	3.571602500E-04
2319.5	3.569402700E-04
2320.5	3.567265900E-04
2321.5	3.565266200E-04
2322.5	3.563409700E-04
2323.5	3.561674800E-04
2324.5	3.559985700E-04
2325.5	3.558255700E-04
2326.5	3.556448200E-04
2327.5	3.554564200E-04
2328.5	3.552613300E-04
2329.5	3.550545300E-04
2330.5	3.548391000E-04
2331.5	3.546299700E-04
2332.5	3.544344900E-04
2333.5	3.542532200E-04
2334.5	3.540839900E-04
2335.5	3.539192300E-04
2336.5	3.537503300E-04
2337.5	3.535736700E-04
2338.5	3.533893600E-04
2339.5	3.531983800E-04
2340.5	3.529957800E-04
2341.5	3.527846400E-04
2342.5	3.525798100E-04
2343.5	3.523885900E-04
2344.5	3.522114700E-04
2345.5	3.520462600E-04
2346.5	3.518854200E-04
2347.5	3.517203900E-04
2348.5	3.515476000E-04
2349.5	3.513671700E-04
2350.5	3.511800700E-04
2351.5	3.509814400E-04
2352.5	3.507743700E-04
2353.5	3.505736400E-04
2354.5	3.503864500E-04
2355.5	3.502132600E-04
2356.5	3.500518600E-04
2357.5	3.498947300E-04
2358.5	3.497333800E-04
2359.5	3.495642500E-04
2360.5	3.493874800E-04
2361.5	3.492040800E-04
2362.5	3.490092100E-04
2363.5	3.488060200E-04
2364.5	3.486091700E-04
2365.5	3.484258100E-04
2366.5	3.482563700E-04
2367.5	3.480985900E-04
2368.5	3.479449800E-04
2369.5	3.477871100E-04
2370.5	3.476214500E-04
2371.5	3.474481700E-04
2372.5	3.472682700E-04
2373.5	3.470769900E-04
2374.5	3.468774900E-04
2375.5	3.466843500E-04
2376.5	3.465046400E-04
2377.5	3.463387500E-04
2378.5	3.461844100E-04
2379.5	3.460341600E-04
2380.5	3.458796000E-04
2381.5	3.457172500E-04
2382.5	3.455472900E-04
2383.5	3.453707200E-04
2384.5	3.451828600E-04
2385.5	3.449868700E-04
2386.5	3.447972700E-04
2387.5	3.446210500E-04
2388.5	3.444585600E-04
2389.5	3.443075000E-04
2390.5	3.441604400E-04
2391.5	3.440090300E-04
2392.5	3.438498300E-04
2393.5	3.436830400E-04
2394.5	3.435096500E-04
2395.5	3.433250500E-04
2396.5	3.431324300E-04
2397.5	3.429462000E-04
2398.5	3.427733100E-04
2399.5	3.426140700E-04
2400.5	3.424661400E-04
2401.5	3.423221300E-04
2402.5	3.421737300E-04
2403.5	3.420175400E-04
2404.5	3.418537600E-04
2405.5	3.416834200E-04
2406.5	3.415019400E-04
2407.5	3.413125300E-04
2408.5	3.411295500E-04
2409.5	3.409598500E-04
2410.5	3.408037100E-04
2411.5	3.406587800E-04
2412.5	3.405176800E-04
2413.5	3.403721500E-04
2414.5	3.402188400E-04
2415.5	3.400579500E-04
2416.5	3.398905200E-04
2417.5	3.397120300E-04
2418.5	3.395257100E-04
2419.5	3.393458300E-04
2420.5	3.391791900E-04
2421.5	3.390260200E-04
2422.5	3.388839700E-04
2423.5	3.387456500E-04
2424.5	3.386028800E-04
2425.5	3.384523200E-04
2426.5	3.382942000E-04
2427.5	3.381295500E-04
2428.5	3.379539200E-04
2429.5	3.377705700E-04
2430.5	3.375936700E-04
2431.5	3.374299700E-04
2432.5	3.372796600E-04
2433.5	3.371403600E-04
2434.5	3.370047200E-04
2435.5	3.368645800E-04
2436.5	3.367166600E-04
2437.5	3.365612000E-04
2438.5	3.363992200E-04
2439.5	3.362263500E-04
2440.5	3.360458500E-04
2441.5	3.358718200E-04
2442.5	3.357109400E-04
2443.5	3.355633800E-04
2444.5	3.354267200E-04
2445.5	3.352936400E-04
2446.5	3.351560400E-04
2447.5	3.350106500E-04
2448.5	3.348577300E-04
2449.5	3.346983300E-04
2450.5	3.345281100E-04
2451.5	3.343503500E-04
2452.5	3.341790800E-04
2453.5	3.340209200E-04
2454.5	3.338760000E-04
2455.5	3.337418900E-04
2456.5	3.336112700E-04
2457.5	3.334761000E-04
2458.5	3.333331500E-04
2459.5	3.331826900E-04
2460.5	3.330257600E-04
2461.5	3.328580800E-04
2462.5	3.326829600E-04
2463.5	3.325143600E-04
2464.5	3.323588300E-04
2465.5	3.322164500E-04
2466.5	3.320847900E-04
2467.5	3.319565400E-04
2468.5	3.318237100E-04
2469.5	3.316831100E-04
2470.5	3.315350000E-04
2471.5	3.313804500E-04
2472.5	3.312152300E-04
2473.5	3.310426700E-04
2474.5	3.308766400E-04
2475.5	3.307236400E-04
2476.5	3.305837200E-04
2477.5	3.304544100E-04
2478.5	3.303284500E-04
2479.5	3.301978800E-04
2480.5	3.300595300E-04
2481.5	3.299137000E-04
2482.5	3.297614400E-04
2483.5	3.295986000E-04
2484.5	3.294285000E-04
2485.5	3.292649500E-04
2486.5	3.291143900E-04
2487.5	3.289768400E-04
2488.5	3.288498100E-04
2489.5	3.287260600E-04
2490.5	3.285976600E-04
2491.5	3.284614900E-04
2492.5	3.283178500E-04
2493.5	3.281678100E-04
2494.5	3.280072600E-04
2495.5	3.278395400E-04
2496.5	3.276784000E-04
2497.5	3.275302100E-04
2498.5	3.273949500E-04
2499.5	3.272701200E-04
2500.5	3.272098000E-04
999999999	2.780000000E-04
-END-OF-DATA-	