-START-OF-DATA-	
0	7.218941000E-07
1765.5	7.218941100E-07
1766.5	7.222557000E-07
1767.5	7.229708200E-07
1768.5	7.236679200E-07
1769.5	7.243431300E-07
1770.5	7.249952600E-07
1771.5	7.256288500E-07
1772.5	7.262495600E-07
1773.5	7.268586300E-07
1774.5	7.274548400E-07
1775.5	7.280369900E-07
1776.5	7.286038700E-07
1777.5	7.291542900E-07
1778.5	7.296870300E-07
1779.5	7.302009000E-07
1780.5	7.306922000E-07
1781.5	7.311541000E-07
1782.5	7.315842500E-07
1783.5	7.319888800E-07
1784.5	7.323775800E-07
1785.5	7.327599500E-07
1786.5	7.331455900E-07
1787.5	7.335441000E-07
1788.5	7.339650800E-07
1789.5	7.344181100E-07
1790.5	7.349109400E-07
1791.5	7.354454200E-07
1792.5	7.360182400E-07
1793.5	7.366256600E-07
1794.5	7.372647800E-07
1795.5	7.379327100E-07
1796.5	7.386265300E-07
1797.5	7.393433600E-07
1798.5	7.400802800E-07
1799.5	7.408344200E-07
1800.5	7.416080900E-07
1801.5	7.424132800E-07
1802.5	7.432599500E-07
1803.5	7.441459400E-07
1804.5	7.450634600E-07
1805.5	7.460047200E-07
1806.5	7.469619200E-07
1807.5	7.479272600E-07
1808.5	7.488929600E-07
1809.5	7.498512200E-07
1810.5	7.507981700E-07
1811.5	7.517389500E-07
1812.5	7.526815600E-07
1813.5	7.536284300E-07
1814.5	7.545786600E-07
1815.5	7.555313300E-07
1816.5	7.564855200E-07
1817.5	7.574403200E-07
1818.5	7.583948200E-07
1819.5	7.593480900E-07
1820.5	7.602995400E-07
1821.5	7.612493800E-07
1822.5	7.621983100E-07
1823.5	7.631468400E-07
1824.5	7.640952800E-07
1825.5	7.650439100E-07
1826.5	7.659930400E-07
1827.5	7.669429600E-07
1828.5	7.678939800E-07
1829.5	7.688463900E-07
1830.5	7.697984400E-07
1831.5	7.707450400E-07
1832.5	7.716831300E-07
1833.5	7.726153800E-07
1834.5	7.735469300E-07
1835.5	7.744829000E-07
1836.5	7.754284300E-07
1837.5	7.763886600E-07
1838.5	7.773687100E-07
1839.5	7.783737100E-07
1840.5	7.794118000E-07
1841.5	7.804940600E-07
1842.5	7.816240300E-07
1843.5	7.827932200E-07
1844.5	7.839886300E-07
1845.5	7.851972600E-07
1846.5	7.864061100E-07
1847.5	7.876021900E-07
1848.5	7.887725000E-07
1849.5	7.899040400E-07
1850.5	7.909792400E-07
1851.5	7.922500000E-07
1852.5	7.937500000E-07
1853.5	7.952500000E-07
1854.5	7.967500000E-07
1855.5	7.980000000E-07
1856.5	7.992500000E-07
1857.5	8.007500000E-07
1858.5	8.022500000E-07
1859.5	8.037500000E-07
1860.5	8.052500000E-07
1861.5	8.067500000E-07
1862.5	8.082500000E-07
1863.5	8.097500000E-07
1864.5	8.112500000E-07
1865.5	8.130000000E-07
1866.5	8.147500000E-07
1867.5	8.162500000E-07
1868.5	8.177500000E-07
1869.5	8.192500000E-07
1870.5	8.210000000E-07
1871.5	8.227500000E-07
1872.5	8.242500000E-07
1873.5	8.257500000E-07
1874.5	8.272500000E-07
1875.5	8.290000000E-07
1876.5	8.307500000E-07
1877.5	8.322500000E-07
1878.5	8.337500000E-07
1879.5	8.352500000E-07
1880.5	8.370000000E-07
1881.5	8.390000000E-07
1882.5	8.410000000E-07
1883.5	8.430000000E-07
1884.5	8.447500000E-07
1885.5	8.462500000E-07
1886.5	8.480000000E-07
1887.5	8.500000000E-07
1888.5	8.520000000E-07
1889.5	8.540000000E-07
1890.5	8.560000000E-07
1891.5	8.582500000E-07
1892.5	8.607500000E-07
1893.5	8.630000000E-07
1894.5	8.650000000E-07
1895.5	8.672500000E-07
1896.5	8.697500000E-07
1897.5	8.720000000E-07
1898.5	8.742500000E-07
1899.5	8.767500000E-07
1900.5	8.795000000E-07
1901.5	8.830000000E-07
1902.5	8.870000000E-07
1903.5	8.912500000E-07
1904.5	8.957500000E-07
1905.5	9.002500000E-07
1906.5	9.047500000E-07
1907.5	9.092500000E-07
1908.5	9.140000000E-07
1909.5	9.190000000E-07
1910.5	9.237500000E-07
1911.5	9.282500000E-07
1912.5	9.330000000E-07
1913.5	9.382500000E-07
1914.5	9.437500000E-07
1915.5	9.492500000E-07
1916.5	9.547500000E-07
1917.5	9.602500000E-07
1918.5	9.660000000E-07
1919.5	9.720000000E-07
1920.5	9.777500000E-07
1921.5	9.832500000E-07
1922.5	9.890000000E-07
1923.5	9.950000000E-07
1924.5	1.001000000E-06
1925.5	1.007000000E-06
1926.5	1.013000000E-06
1927.5	1.019000000E-06
1928.5	1.025000000E-06
1929.5	1.030750000E-06
1930.5	1.036250000E-06
1931.5	1.041750000E-06
1932.5	1.047250000E-06
1933.5	1.052750000E-06
1934.5	1.058000000E-06
1935.5	1.063000000E-06
1936.5	1.068000000E-06
1937.5	1.073000000E-06
1938.5	1.078000000E-06
1939.5	1.083000000E-06
1940.5	1.088250000E-06
1941.5	1.093750000E-06
1942.5	1.099000000E-06
1943.5	1.104000000E-06
1944.5	1.109250000E-06
1945.5	1.114750000E-06
1946.5	1.120500000E-06
1947.5	1.126750000E-06
1948.5	1.133250000E-06
1949.5	1.140000000E-06
1950.5	1.147250000E-06
1951.5	1.155000000E-06
1952.5	1.163500000E-06
1953.5	1.172750000E-06
1954.5	1.182250000E-06
1955.5	1.192000000E-06
1956.5	1.202250000E-06
1957.5	1.213000000E-06
1958.5	1.224000000E-06
1959.5	1.235250000E-06
1960.5	1.247000000E-06
1961.5	1.259250000E-06
1962.5	1.272000000E-06
1963.5	1.285000000E-06
1964.5	1.298250000E-06
1965.5	1.312000000E-06
1966.5	1.326000000E-06
1967.5	1.340250000E-06
1968.5	1.355000000E-06
1969.5	1.370250000E-06
1970.5	1.385750000E-06
1971.5	1.401250000E-06
1972.5	1.417000000E-06
1973.5	1.433000000E-06
1974.5	1.449000000E-06
1975.5	1.465000000E-06
1976.5	1.481000000E-06
1977.5	1.497250000E-06
1978.5	1.513750000E-06
1979.5	1.530250000E-06
1980.5	1.547750000E-06
1981.5	1.566750000E-06
1982.5	1.586250000E-06
1983.5	1.605845000E-06
1984.5	1.623705000E-06
1985.5	1.637992500E-06
1986.5	1.650435000E-06
1987.5	1.662200000E-06
1988.5	1.673070000E-06
1989.5	1.683470000E-06
1990.5	1.693630000E-06
1991.5	1.703817500E-06
1992.5	1.711800000E-06
1993.5	1.716290000E-06
1994.5	1.721012500E-06
1995.5	1.726350000E-06
1996.5	1.730010000E-06
1997.5	1.734817500E-06
1998.5	1.742710000E-06
1999.5	1.749242500E-06
2000.5	1.751022500E-06
2001.5	1.750707500E-06
2002.5	1.752187500E-06
2003.5	1.754760000E-06
2004.5	1.755065000E-06
2005.5	1.753735000E-06
2006.5	1.754514500E-06
2007.5	1.757684000E-06
2008.5	1.761980100E-06
2009.5	1.767259000E-06
2010.5	1.773127800E-06
2011.5	1.779540300E-06
2012.5	1.784551900E-06
2013.5	1.786368900E-06
2014.5	1.785286300E-06
2015.5	1.781582200E-06
2016.5	1.775478000E-06
2017.5	1.767151300E-06
2018.5	1.756773600E-06
2019.5	1.744511400E-06
2020.5	1.730518000E-06
2021.5	1.714871300E-06
2022.5	1.698723900E-06
2023.5	1.683305800E-06
2024.5	1.668825300E-06
2025.5	1.655367300E-06
2026.5	1.642854700E-06
2027.5	1.631186900E-06
2028.5	1.620250500E-06
2029.5	1.609952000E-06
2030.5	1.600215400E-06
2031.5	1.590976400E-06
2032.5	1.582200500E-06
2033.5	1.573879200E-06
2034.5	1.566005200E-06
2035.5	1.558564300E-06
2036.5	1.551541100E-06
2037.5	1.544926800E-06
2038.5	1.538683800E-06
2039.5	1.532755400E-06
2040.5	1.527097600E-06
2041.5	1.521680200E-06
2042.5	1.516025600E-06
2043.5	1.509650100E-06
2044.5	1.502598900E-06
2045.5	1.494991500E-06
2046.5	1.486926100E-06
2047.5	1.478486600E-06
2048.5	1.469752500E-06
2049.5	1.460765300E-06
2050.5	1.451539800E-06
2051.5	1.442096300E-06
2052.5	1.432709600E-06
2053.5	1.423621800E-06
2054.5	1.414742500E-06
2055.5	1.406012400E-06
2056.5	1.397453600E-06
2057.5	1.389077500E-06
2058.5	1.380891600E-06
2059.5	1.372906600E-06
2060.5	1.365105600E-06
2061.5	1.357451500E-06
2062.5	1.350226000E-06
2063.5	1.343686000E-06
2064.5	1.337750400E-06
2065.5	1.332295900E-06
2066.5	1.327232800E-06
2067.5	1.322552000E-06
2068.5	1.318237800E-06
2069.5	1.314273900E-06
2070.5	1.310650600E-06
2071.5	1.307333200E-06
2072.5	1.304278700E-06
2073.5	1.301454700E-06
2074.5	1.298830900E-06
2075.5	1.296380600E-06
2076.5	1.294030700E-06
2077.5	1.291735200E-06
2078.5	1.289521700E-06
2079.5	1.287407100E-06
2080.5	1.285404600E-06
2081.5	1.283530600E-06
2082.5	1.281757400E-06
2083.5	1.280040500E-06
2084.5	1.278363500E-06
2085.5	1.276718300E-06
2086.5	1.275097900E-06
2087.5	1.273447200E-06
2088.5	1.271736100E-06
2089.5	1.270004700E-06
2090.5	1.268281600E-06
2091.5	1.266590000E-06
2092.5	1.264973700E-06
2093.5	1.263447500E-06
2094.5	1.261986400E-06
2095.5	1.260573500E-06
2096.5	1.259199500E-06
2097.5	1.257856500E-06
2098.5	1.256489000E-06
2099.5	1.255066700E-06
2100.5	1.253628400E-06
2101.5	1.252202800E-06
2102.5	1.250886200E-06
2103.5	1.249766500E-06
2104.5	1.248825000E-06
2105.5	1.248027500E-06
2106.5	1.247348700E-06
2107.5	1.246771900E-06
2108.5	1.246282400E-06
2109.5	1.245819300E-06
2110.5	1.245347200E-06
2111.5	1.244899600E-06
2112.5	1.244499200E-06
2113.5	1.244164500E-06
2114.5	1.243916000E-06
2115.5	1.243748300E-06
2116.5	1.243638000E-06
2117.5	1.243569600E-06
2118.5	1.243534900E-06
2119.5	1.243527100E-06
2120.5	1.243492000E-06
2121.5	1.243400300E-06
2122.5	1.243290700E-06
2123.5	1.243190800E-06
2124.5	1.243123000E-06
2125.5	1.243111600E-06
2126.5	1.243154500E-06
2127.5	1.243231300E-06
2128.5	1.243329300E-06
2129.5	1.243442600E-06
2130.5	1.243566100E-06
2131.5	1.243647600E-06
2132.5	1.243659500E-06
2133.5	1.243641800E-06
2134.5	1.243623200E-06
2135.5	1.243627100E-06
2136.5	1.243678900E-06
2137.5	1.243777300E-06
2138.5	1.243902700E-06
2139.5	1.244043000E-06
2140.5	1.244193100E-06
2141.5	1.244348500E-06
2142.5	1.244457600E-06
2143.5	1.244493300E-06
2144.5	1.244496100E-06
2145.5	1.244494900E-06
2146.5	1.244513700E-06
2147.5	1.244577900E-06
2148.5	1.244686600E-06
2149.5	1.244820400E-06
2150.5	1.244967500E-06
2151.5	1.245123000E-06
2152.5	1.245282600E-06
2153.5	1.245394900E-06
2154.5	1.245432800E-06
2155.5	1.245436900E-06
2156.5	1.245436400E-06
2157.5	1.245455200E-06
2158.5	1.245518900E-06
2159.5	1.245626600E-06
2160.5	1.245758900E-06
2161.5	1.245904200E-06
2162.5	1.246057600E-06
2163.5	1.246214800E-06
2164.5	1.246324500E-06
2165.5	1.246359600E-06
2166.5	1.246360900E-06
2167.5	1.246357500E-06
2168.5	1.246373200E-06
2169.5	1.246433700E-06
2170.5	1.246538100E-06
2171.5	1.246667100E-06
2172.5	1.246809100E-06
2173.5	1.246959100E-06
2174.5	1.247112900E-06
2175.5	1.247219200E-06
2176.5	1.247251000E-06
2177.5	1.247249000E-06
2178.5	1.247242200E-06
2179.5	1.247254700E-06
2180.5	1.247311900E-06
2181.5	1.247413100E-06
2182.5	1.247538900E-06
2183.5	1.247677700E-06
2184.5	1.247824500E-06
2185.5	1.247975300E-06
2186.5	1.248078500E-06
2187.5	1.248107300E-06
2188.5	1.248102400E-06
2189.5	1.248092800E-06
2190.5	1.248102400E-06
2191.5	1.248156900E-06
2192.5	1.248255200E-06
2193.5	1.248378300E-06
2194.5	1.248514400E-06
2195.5	1.248658600E-06
2196.5	1.248806800E-06
2197.5	1.248907500E-06
2198.5	1.248933800E-06
2199.5	1.248926500E-06
2200.5	1.248914500E-06
2201.5	1.248921700E-06
2202.5	1.248973900E-06
2203.5	1.249069900E-06
2204.5	1.249190700E-06
2205.5	1.249324600E-06
2206.5	1.249466600E-06
2207.5	1.249612600E-06
2208.5	1.249711200E-06
2209.5	1.249735400E-06
2210.5	1.249726100E-06
2211.5	1.249712100E-06
2212.5	1.249717400E-06
2213.5	1.249767600E-06
2214.5	1.249861800E-06
2215.5	1.249980700E-06
2216.5	1.250112600E-06
2217.5	1.250252800E-06
2218.5	1.250397000E-06
2219.5	1.250493800E-06
2220.5	1.250516300E-06
2221.5	1.250505300E-06
2222.5	1.250489700E-06
2223.5	1.250493300E-06
2224.5	1.250541900E-06
2225.5	1.250634400E-06
2226.5	1.250751700E-06
2227.5	1.250882000E-06
2228.5	1.251020600E-06
2229.5	1.251163300E-06
2230.5	1.251258600E-06
2231.5	1.251279600E-06
2232.5	1.251267100E-06
2233.5	1.251250100E-06
2234.5	1.251252300E-06
2235.5	1.251299500E-06
2236.5	1.251390500E-06
2237.5	1.251506400E-06
2238.5	1.251635400E-06
2239.5	1.251772700E-06
2240.5	1.251914000E-06
2241.5	1.252008000E-06
2242.5	1.252027700E-06
2243.5	1.252014000E-06
2244.5	1.251995700E-06
2245.5	1.251996700E-06
2246.5	1.252042600E-06
2247.5	1.252132400E-06
2248.5	1.252247100E-06
2249.5	1.252374900E-06
2250.5	1.252510900E-06
2251.5	1.252651100E-06
2252.5	1.252743900E-06
2253.5	1.252762500E-06
2254.5	1.252747700E-06
2255.5	1.252728200E-06
2256.5	1.252728100E-06
2257.5	1.252772900E-06
2258.5	1.252861700E-06
2259.5	1.252975200E-06
2260.5	1.253102000E-06
2261.5	1.253237000E-06
2262.5	1.253376100E-06
2263.5	1.253467900E-06
2264.5	1.253485400E-06
2265.5	1.253469600E-06
2266.5	1.253449200E-06
2267.5	1.253448100E-06
2268.5	1.253491900E-06
2269.5	1.253579600E-06
2270.5	1.253692200E-06
2271.5	1.253818000E-06
2272.5	1.253952000E-06
2273.5	1.254090200E-06
2274.5	1.254181000E-06
2275.5	1.254197700E-06
2276.5	1.254180900E-06
2277.5	1.254159600E-06
2278.5	1.254157600E-06
2279.5	1.254200500E-06
2280.5	1.254287400E-06
2281.5	1.254399100E-06
2282.5	1.254523900E-06
2283.5	1.254657100E-06
2284.5	1.254794400E-06
2285.5	1.254884400E-06
2286.5	1.254900200E-06
2287.5	1.254882600E-06
2288.5	1.254860500E-06
2289.5	1.254857700E-06
2290.5	1.254899800E-06
2291.5	1.254985800E-06
2292.5	1.255096600E-06
2293.5	1.255220700E-06
2294.5	1.255353100E-06
2295.5	1.255489600E-06
2296.5	1.255578800E-06
2297.5	1.255593800E-06
2298.5	1.255575500E-06
2299.5	1.255552600E-06
2300.5	1.255549000E-06
2301.5	1.255590300E-06
2302.5	1.255675600E-06
2303.5	1.255785700E-06
2304.5	1.255909000E-06
2305.5	1.256040600E-06
2306.5	1.256176500E-06
2307.5	1.256264900E-06
2308.5	1.256279200E-06
2309.5	1.256260200E-06
2310.5	1.256236600E-06
2311.5	1.256232300E-06
2312.5	1.256272900E-06
2313.5	1.256357500E-06
2314.5	1.256466900E-06
2315.5	1.256589500E-06
2316.5	1.256720400E-06
2317.5	1.256855600E-06
2318.5	1.256943400E-06
2319.5	1.256957000E-06
2320.5	1.256937300E-06
2321.5	1.256913100E-06
2322.5	1.256908100E-06
2323.5	1.256948100E-06
2324.5	1.257032000E-06
2325.5	1.257140700E-06
2326.5	1.257262600E-06
2327.5	1.257393000E-06
2328.5	1.257527500E-06
2329.5	1.257614700E-06
2330.5	1.257627700E-06
2331.5	1.257607400E-06
2332.5	1.257582500E-06
2333.5	1.257577000E-06
2334.5	1.257616300E-06
2335.5	1.257699600E-06
2336.5	1.257807700E-06
2337.5	1.257929000E-06
2338.5	1.258058700E-06
2339.5	1.258192700E-06
2340.5	1.258279300E-06
2341.5	1.258291700E-06
2342.5	1.258270900E-06
2343.5	1.258245400E-06
2344.5	1.258239300E-06
2345.5	1.258278000E-06
2346.5	1.258360700E-06
2347.5	1.258468200E-06
2348.5	1.258589000E-06
2349.5	1.258718100E-06
2350.5	1.258851500E-06
2351.5	1.258937600E-06
2352.5	1.258949500E-06
2353.5	1.258928100E-06
2354.5	1.258902100E-06
2355.5	1.258895400E-06
2356.5	1.258933600E-06
2357.5	1.259015800E-06
2358.5	1.259122700E-06
2359.5	1.259242900E-06
2360.5	1.259371600E-06
2361.5	1.259504500E-06
2362.5	1.259590000E-06
2363.5	1.259601400E-06
2364.5	1.259579500E-06
2365.5	1.259553000E-06
2366.5	1.259545800E-06
2367.5	1.259583500E-06
2368.5	1.259665100E-06
2369.5	1.259771500E-06
2370.5	1.259891200E-06
2371.5	1.260019400E-06
2372.5	1.260151800E-06
2373.5	1.260236800E-06
2374.5	1.260247700E-06
2375.5	1.260225300E-06
2376.5	1.260198400E-06
2377.5	1.260190600E-06
2378.5	1.260227900E-06
2379.5	1.260309000E-06
2380.5	1.260414900E-06
2381.5	1.260534200E-06
2382.5	1.260661800E-06
2383.5	1.260793800E-06
2384.5	1.260878400E-06
2385.5	1.260888800E-06
2386.5	1.260866000E-06
2387.5	1.260838500E-06
2388.5	1.260830300E-06
2389.5	1.260867100E-06
2390.5	1.260947700E-06
2391.5	1.261053200E-06
2392.5	1.261172000E-06
2393.5	1.261299200E-06
2394.5	1.261430700E-06
2395.5	1.261514900E-06
2396.5	1.261524900E-06
2397.5	1.261501600E-06
2398.5	1.261473800E-06
2399.5	1.261465100E-06
2400.5	1.261501400E-06
2401.5	1.261581600E-06
2402.5	1.261686700E-06
2403.5	1.261805000E-06
2404.5	1.261931800E-06
2405.5	1.262062900E-06
2406.5	1.262146700E-06
2407.5	1.262156300E-06
2408.5	1.262132600E-06
2409.5	1.262104300E-06
2410.5	1.262095300E-06
2411.5	1.262131100E-06
2412.5	1.262210900E-06
2413.5	1.262315500E-06
2414.5	1.262433500E-06
2415.5	1.262559900E-06
2416.5	1.262690600E-06
2417.5	1.262773900E-06
2418.5	1.262783100E-06
2419.5	1.262759100E-06
2420.5	1.262730400E-06
2421.5	1.262720900E-06
2422.5	1.262756400E-06
2423.5	1.262835800E-06
2424.5	1.262940000E-06
2425.5	1.263057500E-06
2426.5	1.263183600E-06
2427.5	1.263313900E-06
2428.5	1.263396900E-06
2429.5	1.263405700E-06
2430.5	1.263381300E-06
2431.5	1.263352200E-06
2432.5	1.263342400E-06
2433.5	1.263377400E-06
2434.5	1.263456400E-06
2435.5	1.263560300E-06
2436.5	1.263677400E-06
2437.5	1.263803100E-06
2438.5	1.263933100E-06
2439.5	1.264015700E-06
2440.5	1.264024100E-06
2441.5	1.263999400E-06
2442.5	1.263969900E-06
2443.5	1.263959700E-06
2444.5	1.263994400E-06
2445.5	1.264073100E-06
2446.5	1.264176500E-06
2447.5	1.264293300E-06
2448.5	1.264418700E-06
2449.5	1.264548300E-06
2450.5	1.264630600E-06
2451.5	1.264638700E-06
2452.5	1.264613600E-06
2453.5	1.264583800E-06
2454.5	1.264573200E-06
2455.5	1.264607600E-06
2456.5	1.264685800E-06
2457.5	1.264789000E-06
2458.5	1.264905400E-06
2459.5	1.265030400E-06
2460.5	1.265159700E-06
2461.5	1.265241700E-06
2462.5	1.265249500E-06
2463.5	1.265224000E-06
2464.5	1.265193900E-06
2465.5	1.265183000E-06
2466.5	1.265217000E-06
2467.5	1.265294900E-06
2468.5	1.265397700E-06
2469.5	1.265513800E-06
2470.5	1.265638500E-06
2471.5	1.265767500E-06
2472.5	1.265849100E-06
2473.5	1.265856600E-06
2474.5	1.265830900E-06
2475.5	1.265800400E-06
2476.5	1.265789200E-06
2477.5	1.265822900E-06
2478.5	1.265900500E-06
2479.5	1.266002900E-06
2480.5	1.266118700E-06
2481.5	1.266243100E-06
2482.5	1.266371800E-06
2483.5	1.266453100E-06
2484.5	1.266460300E-06
2485.5	1.266434200E-06
2486.5	1.266403500E-06
2487.5	1.266391900E-06
2488.5	1.266425300E-06
2489.5	1.266502600E-06
2490.5	1.266604700E-06
2491.5	1.266720200E-06
2492.5	1.266844300E-06
2493.5	1.266972700E-06
2494.5	1.267053800E-06
2495.5	1.267060700E-06
2496.5	1.267034300E-06
2497.5	1.267003300E-06
2498.5	1.266991400E-06
2499.5	1.267024500E-06
2500.5	1.267054900E-06
999999999	7.218941000E-07
-END-OF-DATA-	